100
-373 0 0
349 0 0
-155 0 0
805 0 0
93 0 0
581 0 0
677 0 0
-625 0 0
-300 0 0
685 0 0
-429 0 0
-849 0 0
69 0 0
392 0 0
367 0 0
-162 0 0
-712 0 0
-434 0 0
-594 0 0
-533 0 0
985 0 0
-974 0 0
395 0 0
-342 0 0
-146 0 0
434 0 0
583 0 0
-79 0 0
-849 0 0
962 0 0
-386 0 0
148 0 0
-473 0 0
325 0 0
-18 0 0
745 0 0
7 0 0
769 0 0
99 0 0
224 0 0
954 0 0
335 0 0
980 0 0
394 0 0
746 0 0
367 0 0
-868 0 0
446 0 0
-421 0 0
366 0 0
-110 0 0
203 0 0
371 0 0
-79 0 0
-334 0 0
-470 0 0
607 0 0
-272 0 0
-954 0 0
-725 0 0
-557 0 0
665 0 0
-867 0 0
919 0 0
-129 0 0
681 0 0
-671 0 0
973 0 0
442 0 0
28 0 0
-815 0 0
-841 0 0
286 0 0
-601 0 0
354 0 0
-488 0 0
-299 0 0
773 0 0
724 0 0
826 0 0
492 0 0
595 0 0
976 0 0
-862 0 0
212 0 0
254 0 0
-710 0 0
-257 0 0
534 0 0
-387 0 0
472 0 0
973 0 0
182 0 0
838 0 0
-660 0 0
982 0 0
175 0 0
-843 0 0
-455 0 0
-321 0 0
-207 0 0
203 0 0
922 0 0
-968 0 0
-728 0 0
691 0 0
986 0 0
-125 0 0
-693 0 0
-52 0 0
193 0 0
-285 0 0
330 0 0
-647 0 0
648 0 0
-526 0 0
-632 0 0
990 0 0
856 0 0
-170 0 0
-496 0 0
836 0 0
255 0 0
-645 0 0
-157 0 0
421 0 0
889 0 0
-461 0 0
518 0 0
98 0 0
-367 0 0
296 0 0
-506 0 0
468 0 0
-17 0 0
-631 0 0
-264 0 0
-478 0 0
-92 0 0
828 0 0
-59 0 0
843 0 0
610 0 0
566 0 0
981 0 0
-581 0 0
-210 0 0
-198 0 0
-985 0 0
556 0 0
553 0 0
711 0 0
-224 0 0
-939 0 0
842 0 0
124 0 0
-305 0 0
753 0 0
830 0 0
-420 0 0
496 0 0
-30 0 0
195 0 0
-332 0 0
526 0 0
856 0 0
-151 0 0
294 0 0
587 0 0
861 0 0
754 0 0
173 0 0
-653 0 0
-665 0 0
101 0 0
76 0 0
544 0 0
-433 0 0
759 0 0
-559 0 0
461 0 0
741 0 0
988 0 0
800 0 0
476 0 0
731 0 0
-836 0 0
-732 0 0
96 0 0
-269 0 0
-417 0 0
618 0 0
-903 0 0
811 0 0
271 0 0
-408 0 0
5 0 0
585 0 0
-983 0 0
-392 0 0
69 0 0
704 0 0
379 0 0
933 0 0
-918 0 0
-970 0 0
122 0 0
550 0 0
244 0 0
380 0 0
-964 0 0
866 0 0
-372 0 0
827 0 0
-748 0 0
-417 0 0
25 0 0
-191 0 0
420 0 0
629 0 0
-370 0 0
-597 0 0
135 0 0
165 0 0
535 0 0
65 0 0
26 0 0
167 0 0
-815 0 0
-1000 0 0
-879 0 0
757 0 0
321 0 0
0 0 0
-147 0 0
-159 0 0
13 0 0
-258 0 0
760 0 0
-217 0 0
980 0 0
-463 0 0
919 0 0
441 0 0
-353 0 0
-494 0 0
-882 0 0
-941 0 0
-726 0 0
997 0 0
-934 0 0
-476 0 0
-950 0 0
96 0 0
563 0 0
-311 0 0
869 0 0
767 0 0
-620 0 0
-677 0 0
825 0 0
229 0 0
301 0 0
-2 0 0
436 0 0
-541 0 0
590 0 0
593 0 0
716 0 0
370 0 0
697 0 0
-250 0 0
661 0 0
444 0 0
817 0 0
-90 0 0
971 0 0
-633 0 0
793 0 0
-988 0 0
-47 0 0
-828 0 0
899 0 0
-646 0 0
465 0 0
878 0 0
559 0 0
-289 0 0
116 0 0
-806 0 0
107 0 0
675 0 0
382 0 0
637 0 0
168 0 0
595 0 0
235 0 0
266 0 0
-424 0 0
802 0 0
